##QA list of missing warehouses and not warehouse parcel numbers
not_warehouse <- c('173180011',
                   '424070001',
                   '111924107',
                   '046706101',
                   '044603337',
                   '151070007',
                   '103303101',
                   '047203107',
                   '519180026',
                   '778390008',
                   '045705214',
                   '045706106',
                   '691120013',
                   '461140050',
                   '051610101')
                   
