##QA list of missing warehouses and not warehouse parcel numbers
not_warehouse <- c('173180011',
                   '424070001',
                   '111924107',
                   '046706101',
                   '044603337',
                   '151070007',
                   '103303101',
                   '047203107',
                   '519180026',
                   '778390008',
                   '045705214',
                   '045706106',
                   '691120013',
                   '461140050',
                   '051610101',
                   '295020004',
                   '869281019',
                   '836130005',
                   '869281012',
                   '869281024',
                   '869270020',
                   '763141023',
                   '763230034',
                   '563330012',
                   '170340031',
                   '170340030',
                   '167110023',
                   '167110020',
                   '023919218',
                   '113319102',
                   '016837109',
                   '016336118',
                   '016336124',
                   '016331137',
                   '022912133',
                   '022912135',
                   '022912110',
                   '247140032',
                   '247140033',
                   '247140030',
                   '249070044',
                   '210160001',
                   '237040017',
                   '312829104',
                   '309140101',
                   '918140012',
                   '918170012',
                   '921720015',
                   '12900010')
                   
