# List of warehouses parcels to add manually - Riverside for now
# MCM add 1/2/2023

add_as_warehouse <- c('317170045',
                      '317160021',
                      '294170003',
                      '316170025',
                      '316170026',
                      '316100061',
                      '316100063',
                      '312270038',
                      '297231009',
                      '297231008',
                      '297231012',
                      '297231013',
                      '297231014',
                      '263320026',
                      '263020081',
                      '263020082',
                      '263020083',
                      '263020084',
                      '294690006',
                      '294640011',
                      '294640005',
                      '294645011')