##QA list of missing warehouses and not warehouse parcel numbers
not_warehouse <- c('173180011',
                   '424070001',
                   '111924107',
                   '046706101',
                   '044603337',
                   '151070007',
                   '103303101',
                   '047203107',
                   '519180026',
                   '778390008',
                   '045705214',
                   '045706106',
                   '691120013',
                   '461140050',
                   '051610101',
                   '295020004',
                   '869281019',
                   '836130005',
                   '869281012',
                   '869281024',
                   '869270020',
                   '763141023',
                   '763230034',
                   '563330012',
                   '170340031',
                   '170340030',
                   '167110023',
                   '167110020',
                   '023919218',
                   '113319102',
                   '016837109',
                   '016336118',
                   '016336124',
                   '016331137',
                   '022912133',
                   '022912135',
                   '022912110',
                   '247140032',
                   '247140033',
                   '247140030',
                   '249070044',
                   '210160001',
                   '237040017',
                   '312829104',
                   '309140101',
                   '918140012',
                   '918170012',
                   '921720015',
                   '12900010',
                   #APNs from Riverside from Jerry G
                   '189280052',
                   '189280024',
                   '189280029',
                   '189290015',
                   '189290008',
                   '189301004',
                   '189200029',
                   '189160033',
                   '189180005',
                   '189180003',
                   '230311043',
                   '229101060',
                   '225350064',
                   '226332023',
                   #APNs from near March, 12/28/2022 MCM
                   '266040054',
                   '266040051',
                   '273150023',
                   '276160023',
                   '273180058',
                   '291273008',
                   '291420022',
                   #APNs from Riverside and MoVal 1/2/2023 MCM
                   '291020023',
                   '292280036',
                   '292230008',
                   '292230009',
                   '292160037',
                   '482210096',
                   '250140037',
                   '250080011',
                   '250090023',
                   '223050011',
                   '225350072',
                   '231210017',
                   '138150034',
                   '234160056',
                   '142150048',
                   '142150083',
                   '142080029',
                   '135170031',
                   '')
                   
